  16
   1   1
    44.578705789449998    -0.000000000000000    -0.000000000000000
    -0.000000000000000    44.578705789449998    -0.000000000000000
    -0.000000000000000    -0.000000000000000    44.578705789449998
   1   2
     3.136457532990000    -0.000000000000000    -0.000000000000000
    -0.000000000000000    -3.373986588550000    -3.612361098400000
    -0.000000000000000    -3.612361098400000    -3.373986588550000
   1   3
    -3.373986588550000     0.000000000000000    -3.612361098400000
     0.000000000000000     3.136457532990000    -0.000000000000000
    -3.612361098400000    -0.000000000000000    -3.373986588550000
   1   4
    -3.373986588550000     3.612361098400000     0.000000000000000
     3.612361098400000    -3.373986588550000     0.000000000000000
     0.000000000000000     0.000000000000000     3.136457532990000
   1   5
    -3.373986588550000    -3.612361098400000     0.000000000000000
    -3.612361098400000    -3.373986588550000     0.000000000000000
     0.000000000000000     0.000000000000000     3.136457532990000
   1   6
    -3.373986588550000     0.000000000000000     3.612361098400000
     0.000000000000000     3.136457532990000    -0.000000000000000
     3.612361098400000    -0.000000000000000    -3.373986588550000
   1   7
     3.136457532990000    -0.000000000000000    -0.000000000000000
    -0.000000000000000    -3.373986588550000     3.612361098400000
    -0.000000000000000     3.612361098400000    -3.373986588550000
   1   8
    -0.301301339950000    -0.000000000000000    -0.000000000000000
    -0.000000000000000    -0.301301339950000    -0.000000000000000
    -0.000000000000000    -0.000000000000000    -0.301301339950000
   1   9
    -9.767576051419999    -2.880089344040000    -2.880089344040000
    -2.880089344040000    -9.767576051419999    -2.880089344040000
    -2.880089344040000    -2.880089344040000    -9.767576051419999
   1  10
    -9.767576051419999     2.880089344040000     2.880089344040000
     2.880089344040000    -9.767576051419999    -2.880089344040000
     2.880089344040000    -2.880089344040000    -9.767576051419999
   1  11
    -9.767576051419999     2.880089344040000    -2.880089344040000
     2.880089344040000    -9.767576051419999     2.880089344040000
    -2.880089344040000     2.880089344040000    -9.767576051419999
   1  12
     0.503982640990000    -0.157970473650000     0.157970473650000
    -0.157970473650000     0.503982640990000     0.157970473650000
     0.157970473650000     0.157970473650000     0.503982640990000
   1  13
    -9.767576051419999    -2.880089344040000     2.880089344040000
    -2.880089344040000    -9.767576051419999     2.880089344040000
     2.880089344040000     2.880089344040000    -9.767576051419999
   1  14
     0.503982640990000     0.157970473650000    -0.157970473650000
     0.157970473650000     0.503982640990000     0.157970473650000
    -0.157970473650000     0.157970473650000     0.503982640990000
   1  15
     0.503982640990000     0.157970473650000     0.157970473650000
     0.157970473650000     0.503982640990000    -0.157970473650000
     0.157970473650000    -0.157970473650000     0.503982640990000
   1  16
     0.503982640990000    -0.157970473650000    -0.157970473650000
    -0.157970473650000     0.503982640990000    -0.157970473650000
    -0.157970473650000    -0.157970473650000     0.503982640990000
   2   1
     3.136457532990000    -0.000000000000000    -0.000000000000000
    -0.000000000000000    -3.373986588550000    -3.612361098400000
    -0.000000000000000    -3.612361098400000    -3.373986588550000
   2   2
    44.578705789449998    -0.000000000000000    -0.000000000000000
    -0.000000000000000    44.578705789449998    -0.000000000000000
    -0.000000000000000    -0.000000000000000    44.578705789449998
   2   3
    -3.373986588550000     3.612361098400000     0.000000000000000
     3.612361098400000    -3.373986588550000     0.000000000000000
     0.000000000000000     0.000000000000000     3.136457532990000
   2   4
    -3.373986588550000     0.000000000000000    -3.612361098400000
     0.000000000000000     3.136457532990000    -0.000000000000000
    -3.612361098400000    -0.000000000000000    -3.373986588550000
   2   5
    -3.373986588550000     0.000000000000000     3.612361098400000
     0.000000000000000     3.136457532990000    -0.000000000000000
     3.612361098400000    -0.000000000000000    -3.373986588550000
   2   6
    -3.373986588550000    -3.612361098400000     0.000000000000000
    -3.612361098400000    -3.373986588550000     0.000000000000000
     0.000000000000000     0.000000000000000     3.136457532990000
   2   7
    -0.301301339950000    -0.000000000000000    -0.000000000000000
    -0.000000000000000    -0.301301339950000    -0.000000000000000
    -0.000000000000000    -0.000000000000000    -0.301301339950000
   2   8
     3.136457532990000    -0.000000000000000    -0.000000000000000
    -0.000000000000000    -3.373986588550000     3.612361098400000
    -0.000000000000000     3.612361098400000    -3.373986588550000
   2   9
    -9.767576051419999     2.880089344040000     2.880089344040000
     2.880089344040000    -9.767576051419999    -2.880089344040000
     2.880089344040000    -2.880089344040000    -9.767576051419999
   2  10
    -9.767576051419999    -2.880089344040000    -2.880089344040000
    -2.880089344040000    -9.767576051419999    -2.880089344040000
    -2.880089344040000    -2.880089344040000    -9.767576051419999
   2  11
     0.503982640990000    -0.157970473650000     0.157970473650000
    -0.157970473650000     0.503982640990000     0.157970473650000
     0.157970473650000     0.157970473650000     0.503982640990000
   2  12
    -9.767576051419999     2.880089344040000    -2.880089344040000
     2.880089344040000    -9.767576051419999     2.880089344040000
    -2.880089344040000     2.880089344040000    -9.767576051419999
   2  13
     0.503982640990000     0.157970473650000    -0.157970473650000
     0.157970473650000     0.503982640990000     0.157970473650000
    -0.157970473650000     0.157970473650000     0.503982640990000
   2  14
    -9.767576051419999    -2.880089344040000     2.880089344040000
    -2.880089344040000    -9.767576051419999     2.880089344040000
     2.880089344040000     2.880089344040000    -9.767576051419999
   2  15
     0.503982640990000    -0.157970473650000    -0.157970473650000
    -0.157970473650000     0.503982640990000    -0.157970473650000
    -0.157970473650000    -0.157970473650000     0.503982640990000
   2  16
     0.503982640990000     0.157970473650000     0.157970473650000
     0.157970473650000     0.503982640990000    -0.157970473650000
     0.157970473650000    -0.157970473650000     0.503982640990000
   3   1
    -3.373986588550000     0.000000000000000    -3.612361098400000
     0.000000000000000     3.136457532990000    -0.000000000000000
    -3.612361098400000    -0.000000000000000    -3.373986588550000
   3   2
    -3.373986588550000     3.612361098400000     0.000000000000000
     3.612361098400000    -3.373986588550000     0.000000000000000
     0.000000000000000     0.000000000000000     3.136457532990000
   3   3
    44.578705789449998    -0.000000000000000    -0.000000000000000
    -0.000000000000000    44.578705789449998    -0.000000000000000
    -0.000000000000000    -0.000000000000000    44.578705789449998
   3   4
     3.136457532990000    -0.000000000000000    -0.000000000000000
    -0.000000000000000    -3.373986588550000    -3.612361098400000
    -0.000000000000000    -3.612361098400000    -3.373986588550000
   3   5
     3.136457532990000    -0.000000000000000    -0.000000000000000
    -0.000000000000000    -3.373986588550000     3.612361098400000
    -0.000000000000000     3.612361098400000    -3.373986588550000
   3   6
    -0.301301339950000    -0.000000000000000    -0.000000000000000
    -0.000000000000000    -0.301301339950000    -0.000000000000000
    -0.000000000000000    -0.000000000000000    -0.301301339950000
   3   7
    -3.373986588550000    -3.612361098400000     0.000000000000000
    -3.612361098400000    -3.373986588550000     0.000000000000000
     0.000000000000000     0.000000000000000     3.136457532990000
   3   8
    -3.373986588550000     0.000000000000000     3.612361098400000
     0.000000000000000     3.136457532990000    -0.000000000000000
     3.612361098400000    -0.000000000000000    -3.373986588550000
   3   9
    -9.767576051419999     2.880089344040000    -2.880089344040000
     2.880089344040000    -9.767576051419999     2.880089344040000
    -2.880089344040000     2.880089344040000    -9.767576051419999
   3  10
     0.503982640990000    -0.157970473650000     0.157970473650000
    -0.157970473650000     0.503982640990000     0.157970473650000
     0.157970473650000     0.157970473650000     0.503982640990000
   3  11
    -9.767576051419999    -2.880089344040000    -2.880089344040000
    -2.880089344040000    -9.767576051419999    -2.880089344040000
    -2.880089344040000    -2.880089344040000    -9.767576051419999
   3  12
    -9.767576051419999     2.880089344040000     2.880089344040000
     2.880089344040000    -9.767576051419999    -2.880089344040000
     2.880089344040000    -2.880089344040000    -9.767576051419999
   3  13
     0.503982640990000     0.157970473650000     0.157970473650000
     0.157970473650000     0.503982640990000    -0.157970473650000
     0.157970473650000    -0.157970473650000     0.503982640990000
   3  14
     0.503982640990000    -0.157970473650000    -0.157970473650000
    -0.157970473650000     0.503982640990000    -0.157970473650000
    -0.157970473650000    -0.157970473650000     0.503982640990000
   3  15
    -9.767576051419999    -2.880089344040000     2.880089344040000
    -2.880089344040000    -9.767576051419999     2.880089344040000
     2.880089344040000     2.880089344040000    -9.767576051419999
   3  16
     0.503982640990000     0.157970473650000    -0.157970473650000
     0.157970473650000     0.503982640990000     0.157970473650000
    -0.157970473650000     0.157970473650000     0.503982640990000
   4   1
    -3.373986588550000     3.612361098400000     0.000000000000000
     3.612361098400000    -3.373986588550000     0.000000000000000
     0.000000000000000     0.000000000000000     3.136457532990000
   4   2
    -3.373986588550000     0.000000000000000    -3.612361098400000
     0.000000000000000     3.136457532990000    -0.000000000000000
    -3.612361098400000    -0.000000000000000    -3.373986588550000
   4   3
     3.136457532990000    -0.000000000000000    -0.000000000000000
    -0.000000000000000    -3.373986588550000    -3.612361098400000
    -0.000000000000000    -3.612361098400000    -3.373986588550000
   4   4
    44.578705789449998    -0.000000000000000    -0.000000000000000
    -0.000000000000000    44.578705789449998    -0.000000000000000
    -0.000000000000000    -0.000000000000000    44.578705789449998
   4   5
    -0.301301339950000    -0.000000000000000    -0.000000000000000
    -0.000000000000000    -0.301301339950000    -0.000000000000000
    -0.000000000000000    -0.000000000000000    -0.301301339950000
   4   6
     3.136457532990000    -0.000000000000000    -0.000000000000000
    -0.000000000000000    -3.373986588550000     3.612361098400000
    -0.000000000000000     3.612361098400000    -3.373986588550000
   4   7
    -3.373986588550000     0.000000000000000     3.612361098400000
     0.000000000000000     3.136457532990000    -0.000000000000000
     3.612361098400000    -0.000000000000000    -3.373986588550000
   4   8
    -3.373986588550000    -3.612361098400000     0.000000000000000
    -3.612361098400000    -3.373986588550000     0.000000000000000
     0.000000000000000     0.000000000000000     3.136457532990000
   4   9
     0.503982640990000    -0.157970473650000     0.157970473650000
    -0.157970473650000     0.503982640990000     0.157970473650000
     0.157970473650000     0.157970473650000     0.503982640990000
   4  10
    -9.767576051419999     2.880089344040000    -2.880089344040000
     2.880089344040000    -9.767576051419999     2.880089344040000
    -2.880089344040000     2.880089344040000    -9.767576051419999
   4  11
    -9.767576051419999     2.880089344040000     2.880089344040000
     2.880089344040000    -9.767576051419999    -2.880089344040000
     2.880089344040000    -2.880089344040000    -9.767576051419999
   4  12
    -9.767576051419999    -2.880089344040000    -2.880089344040000
    -2.880089344040000    -9.767576051419999    -2.880089344040000
    -2.880089344040000    -2.880089344040000    -9.767576051419999
   4  13
     0.503982640990000    -0.157970473650000    -0.157970473650000
    -0.157970473650000     0.503982640990000    -0.157970473650000
    -0.157970473650000    -0.157970473650000     0.503982640990000
   4  14
     0.503982640990000     0.157970473650000     0.157970473650000
     0.157970473650000     0.503982640990000    -0.157970473650000
     0.157970473650000    -0.157970473650000     0.503982640990000
   4  15
     0.503982640990000     0.157970473650000    -0.157970473650000
     0.157970473650000     0.503982640990000     0.157970473650000
    -0.157970473650000     0.157970473650000     0.503982640990000
   4  16
    -9.767576051419999    -2.880089344040000     2.880089344040000
    -2.880089344040000    -9.767576051419999     2.880089344040000
     2.880089344040000     2.880089344040000    -9.767576051419999
   5   1
    -3.373986588550000    -3.612361098400000     0.000000000000000
    -3.612361098400000    -3.373986588550000     0.000000000000000
     0.000000000000000     0.000000000000000     3.136457532990000
   5   2
    -3.373986588550000     0.000000000000000     3.612361098400000
     0.000000000000000     3.136457532990000    -0.000000000000000
     3.612361098400000    -0.000000000000000    -3.373986588550000
   5   3
     3.136457532990000    -0.000000000000000    -0.000000000000000
    -0.000000000000000    -3.373986588550000     3.612361098400000
    -0.000000000000000     3.612361098400000    -3.373986588550000
   5   4
    -0.301301339950000    -0.000000000000000    -0.000000000000000
    -0.000000000000000    -0.301301339950000    -0.000000000000000
    -0.000000000000000    -0.000000000000000    -0.301301339950000
   5   5
    44.578705789449998    -0.000000000000000    -0.000000000000000
    -0.000000000000000    44.578705789449998    -0.000000000000000
    -0.000000000000000    -0.000000000000000    44.578705789449998
   5   6
     3.136457532990000    -0.000000000000000    -0.000000000000000
    -0.000000000000000    -3.373986588550000    -3.612361098400000
    -0.000000000000000    -3.612361098400000    -3.373986588550000
   5   7
    -3.373986588550000     0.000000000000000    -3.612361098400000
     0.000000000000000     3.136457532990000    -0.000000000000000
    -3.612361098400000    -0.000000000000000    -3.373986588550000
   5   8
    -3.373986588550000     3.612361098400000     0.000000000000000
     3.612361098400000    -3.373986588550000     0.000000000000000
     0.000000000000000     0.000000000000000     3.136457532990000
   5   9
    -9.767576051419999    -2.880089344040000     2.880089344040000
    -2.880089344040000    -9.767576051419999     2.880089344040000
     2.880089344040000     2.880089344040000    -9.767576051419999
   5  10
     0.503982640990000     0.157970473650000    -0.157970473650000
     0.157970473650000     0.503982640990000     0.157970473650000
    -0.157970473650000     0.157970473650000     0.503982640990000
   5  11
     0.503982640990000     0.157970473650000     0.157970473650000
     0.157970473650000     0.503982640990000    -0.157970473650000
     0.157970473650000    -0.157970473650000     0.503982640990000
   5  12
     0.503982640990000    -0.157970473650000    -0.157970473650000
    -0.157970473650000     0.503982640990000    -0.157970473650000
    -0.157970473650000    -0.157970473650000     0.503982640990000
   5  13
    -9.767576051419999    -2.880089344040000    -2.880089344040000
    -2.880089344040000    -9.767576051419999    -2.880089344040000
    -2.880089344040000    -2.880089344040000    -9.767576051419999
   5  14
    -9.767576051419999     2.880089344040000     2.880089344040000
     2.880089344040000    -9.767576051419999    -2.880089344040000
     2.880089344040000    -2.880089344040000    -9.767576051419999
   5  15
    -9.767576051419999     2.880089344040000    -2.880089344040000
     2.880089344040000    -9.767576051419999     2.880089344040000
    -2.880089344040000     2.880089344040000    -9.767576051419999
   5  16
     0.503982640990000    -0.157970473650000     0.157970473650000
    -0.157970473650000     0.503982640990000     0.157970473650000
     0.157970473650000     0.157970473650000     0.503982640990000
   6   1
    -3.373986588550000     0.000000000000000     3.612361098400000
     0.000000000000000     3.136457532990000    -0.000000000000000
     3.612361098400000    -0.000000000000000    -3.373986588550000
   6   2
    -3.373986588550000    -3.612361098400000     0.000000000000000
    -3.612361098400000    -3.373986588550000     0.000000000000000
     0.000000000000000     0.000000000000000     3.136457532990000
   6   3
    -0.301301339950000    -0.000000000000000    -0.000000000000000
    -0.000000000000000    -0.301301339950000    -0.000000000000000
    -0.000000000000000    -0.000000000000000    -0.301301339950000
   6   4
     3.136457532990000    -0.000000000000000    -0.000000000000000
    -0.000000000000000    -3.373986588550000     3.612361098400000
    -0.000000000000000     3.612361098400000    -3.373986588550000
   6   5
     3.136457532990000    -0.000000000000000    -0.000000000000000
    -0.000000000000000    -3.373986588550000    -3.612361098400000
    -0.000000000000000    -3.612361098400000    -3.373986588550000
   6   6
    44.578705789449998    -0.000000000000000    -0.000000000000000
    -0.000000000000000    44.578705789449998    -0.000000000000000
    -0.000000000000000    -0.000000000000000    44.578705789449998
   6   7
    -3.373986588550000     3.612361098400000     0.000000000000000
     3.612361098400000    -3.373986588550000     0.000000000000000
     0.000000000000000     0.000000000000000     3.136457532990000
   6   8
    -3.373986588550000     0.000000000000000    -3.612361098400000
     0.000000000000000     3.136457532990000    -0.000000000000000
    -3.612361098400000    -0.000000000000000    -3.373986588550000
   6   9
     0.503982640990000     0.157970473650000    -0.157970473650000
     0.157970473650000     0.503982640990000     0.157970473650000
    -0.157970473650000     0.157970473650000     0.503982640990000
   6  10
    -9.767576051419999    -2.880089344040000     2.880089344040000
    -2.880089344040000    -9.767576051419999     2.880089344040000
     2.880089344040000     2.880089344040000    -9.767576051419999
   6  11
     0.503982640990000    -0.157970473650000    -0.157970473650000
    -0.157970473650000     0.503982640990000    -0.157970473650000
    -0.157970473650000    -0.157970473650000     0.503982640990000
   6  12
     0.503982640990000     0.157970473650000     0.157970473650000
     0.157970473650000     0.503982640990000    -0.157970473650000
     0.157970473650000    -0.157970473650000     0.503982640990000
   6  13
    -9.767576051419999     2.880089344040000     2.880089344040000
     2.880089344040000    -9.767576051419999    -2.880089344040000
     2.880089344040000    -2.880089344040000    -9.767576051419999
   6  14
    -9.767576051419999    -2.880089344040000    -2.880089344040000
    -2.880089344040000    -9.767576051419999    -2.880089344040000
    -2.880089344040000    -2.880089344040000    -9.767576051419999
   6  15
     0.503982640990000    -0.157970473650000     0.157970473650000
    -0.157970473650000     0.503982640990000     0.157970473650000
     0.157970473650000     0.157970473650000     0.503982640990000
   6  16
    -9.767576051419999     2.880089344040000    -2.880089344040000
     2.880089344040000    -9.767576051419999     2.880089344040000
    -2.880089344040000     2.880089344040000    -9.767576051419999
   7   1
     3.136457532990000    -0.000000000000000    -0.000000000000000
    -0.000000000000000    -3.373986588550000     3.612361098400000
    -0.000000000000000     3.612361098400000    -3.373986588550000
   7   2
    -0.301301339950000    -0.000000000000000    -0.000000000000000
    -0.000000000000000    -0.301301339950000    -0.000000000000000
    -0.000000000000000    -0.000000000000000    -0.301301339950000
   7   3
    -3.373986588550000    -3.612361098400000     0.000000000000000
    -3.612361098400000    -3.373986588550000     0.000000000000000
     0.000000000000000     0.000000000000000     3.136457532990000
   7   4
    -3.373986588550000     0.000000000000000     3.612361098400000
     0.000000000000000     3.136457532990000    -0.000000000000000
     3.612361098400000    -0.000000000000000    -3.373986588550000
   7   5
    -3.373986588550000     0.000000000000000    -3.612361098400000
     0.000000000000000     3.136457532990000    -0.000000000000000
    -3.612361098400000    -0.000000000000000    -3.373986588550000
   7   6
    -3.373986588550000     3.612361098400000     0.000000000000000
     3.612361098400000    -3.373986588550000     0.000000000000000
     0.000000000000000     0.000000000000000     3.136457532990000
   7   7
    44.578705789449998    -0.000000000000000    -0.000000000000000
    -0.000000000000000    44.578705789449998    -0.000000000000000
    -0.000000000000000    -0.000000000000000    44.578705789449998
   7   8
     3.136457532990000    -0.000000000000000    -0.000000000000000
    -0.000000000000000    -3.373986588550000    -3.612361098400000
    -0.000000000000000    -3.612361098400000    -3.373986588550000
   7   9
     0.503982640990000     0.157970473650000     0.157970473650000
     0.157970473650000     0.503982640990000    -0.157970473650000
     0.157970473650000    -0.157970473650000     0.503982640990000
   7  10
     0.503982640990000    -0.157970473650000    -0.157970473650000
    -0.157970473650000     0.503982640990000    -0.157970473650000
    -0.157970473650000    -0.157970473650000     0.503982640990000
   7  11
    -9.767576051419999    -2.880089344040000     2.880089344040000
    -2.880089344040000    -9.767576051419999     2.880089344040000
     2.880089344040000     2.880089344040000    -9.767576051419999
   7  12
     0.503982640990000     0.157970473650000    -0.157970473650000
     0.157970473650000     0.503982640990000     0.157970473650000
    -0.157970473650000     0.157970473650000     0.503982640990000
   7  13
    -9.767576051419999     2.880089344040000    -2.880089344040000
     2.880089344040000    -9.767576051419999     2.880089344040000
    -2.880089344040000     2.880089344040000    -9.767576051419999
   7  14
     0.503982640990000    -0.157970473650000     0.157970473650000
    -0.157970473650000     0.503982640990000     0.157970473650000
     0.157970473650000     0.157970473650000     0.503982640990000
   7  15
    -9.767576051419999    -2.880089344040000    -2.880089344040000
    -2.880089344040000    -9.767576051419999    -2.880089344040000
    -2.880089344040000    -2.880089344040000    -9.767576051419999
   7  16
    -9.767576051419999     2.880089344040000     2.880089344040000
     2.880089344040000    -9.767576051419999    -2.880089344040000
     2.880089344040000    -2.880089344040000    -9.767576051419999
   8   1
    -0.301301339950000    -0.000000000000000    -0.000000000000000
    -0.000000000000000    -0.301301339950000    -0.000000000000000
    -0.000000000000000    -0.000000000000000    -0.301301339950000
   8   2
     3.136457532990000    -0.000000000000000    -0.000000000000000
    -0.000000000000000    -3.373986588550000     3.612361098400000
    -0.000000000000000     3.612361098400000    -3.373986588550000
   8   3
    -3.373986588550000     0.000000000000000     3.612361098400000
     0.000000000000000     3.136457532990000    -0.000000000000000
     3.612361098400000    -0.000000000000000    -3.373986588550000
   8   4
    -3.373986588550000    -3.612361098400000     0.000000000000000
    -3.612361098400000    -3.373986588550000     0.000000000000000
     0.000000000000000     0.000000000000000     3.136457532990000
   8   5
    -3.373986588550000     3.612361098400000     0.000000000000000
     3.612361098400000    -3.373986588550000     0.000000000000000
     0.000000000000000     0.000000000000000     3.136457532990000
   8   6
    -3.373986588550000     0.000000000000000    -3.612361098400000
     0.000000000000000     3.136457532990000    -0.000000000000000
    -3.612361098400000    -0.000000000000000    -3.373986588550000
   8   7
     3.136457532990000    -0.000000000000000    -0.000000000000000
    -0.000000000000000    -3.373986588550000    -3.612361098400000
    -0.000000000000000    -3.612361098400000    -3.373986588550000
   8   8
    44.578705789449998    -0.000000000000000    -0.000000000000000
    -0.000000000000000    44.578705789449998    -0.000000000000000
    -0.000000000000000    -0.000000000000000    44.578705789449998
   8   9
     0.503982640990000    -0.157970473650000    -0.157970473650000
    -0.157970473650000     0.503982640990000    -0.157970473650000
    -0.157970473650000    -0.157970473650000     0.503982640990000
   8  10
     0.503982640990000     0.157970473650000     0.157970473650000
     0.157970473650000     0.503982640990000    -0.157970473650000
     0.157970473650000    -0.157970473650000     0.503982640990000
   8  11
     0.503982640990000     0.157970473650000    -0.157970473650000
     0.157970473650000     0.503982640990000     0.157970473650000
    -0.157970473650000     0.157970473650000     0.503982640990000
   8  12
    -9.767576051419999    -2.880089344040000     2.880089344040000
    -2.880089344040000    -9.767576051419999     2.880089344040000
     2.880089344040000     2.880089344040000    -9.767576051419999
   8  13
     0.503982640990000    -0.157970473650000     0.157970473650000
    -0.157970473650000     0.503982640990000     0.157970473650000
     0.157970473650000     0.157970473650000     0.503982640990000
   8  14
    -9.767576051419999     2.880089344040000    -2.880089344040000
     2.880089344040000    -9.767576051419999     2.880089344040000
    -2.880089344040000     2.880089344040000    -9.767576051419999
   8  15
    -9.767576051419999     2.880089344040000     2.880089344040000
     2.880089344040000    -9.767576051419999    -2.880089344040000
     2.880089344040000    -2.880089344040000    -9.767576051419999
   8  16
    -9.767576051419999    -2.880089344040000    -2.880089344040000
    -2.880089344040000    -9.767576051419999    -2.880089344040000
    -2.880089344040000    -2.880089344040000    -9.767576051419999
   9   1
    -9.767576051419999    -2.880089344040000    -2.880089344040000
    -2.880089344040000    -9.767576051419999    -2.880089344040000
    -2.880089344040000    -2.880089344040000    -9.767576051419999
   9   2
    -9.767576051419999     2.880089344040000     2.880089344040000
     2.880089344040000    -9.767576051419999    -2.880089344040000
     2.880089344040000    -2.880089344040000    -9.767576051419999
   9   3
    -9.767576051419999     2.880089344040000    -2.880089344040000
     2.880089344040000    -9.767576051419999     2.880089344040000
    -2.880089344040000     2.880089344040000    -9.767576051419999
   9   4
     0.503982640990000    -0.157970473650000     0.157970473650000
    -0.157970473650000     0.503982640990000     0.157970473650000
     0.157970473650000     0.157970473650000     0.503982640990000
   9   5
    -9.767576051419999    -2.880089344040000     2.880089344040000
    -2.880089344040000    -9.767576051419999     2.880089344040000
     2.880089344040000     2.880089344040000    -9.767576051419999
   9   6
     0.503982640990000     0.157970473650000    -0.157970473650000
     0.157970473650000     0.503982640990000     0.157970473650000
    -0.157970473650000     0.157970473650000     0.503982640990000
   9   7
     0.503982640990000     0.157970473650000     0.157970473650000
     0.157970473650000     0.503982640990000    -0.157970473650000
     0.157970473650000    -0.157970473650000     0.503982640990000
   9   8
     0.503982640990000    -0.157970473650000    -0.157970473650000
    -0.157970473650000     0.503982640990000    -0.157970473650000
    -0.157970473650000    -0.157970473650000     0.503982640990000
   9   9
    44.578705789449998    -0.000000000000000    -0.000000000000000
    -0.000000000000000    44.578705789449998    -0.000000000000000
    -0.000000000000000    -0.000000000000000    44.578705789449998
   9  10
     3.136457532990000    -0.000000000000000    -0.000000000000000
    -0.000000000000000    -3.373986588550000    -3.612361098400000
    -0.000000000000000    -3.612361098400000    -3.373986588550000
   9  11
    -3.373986588550000     0.000000000000000    -3.612361098400000
     0.000000000000000     3.136457532990000    -0.000000000000000
    -3.612361098400000    -0.000000000000000    -3.373986588550000
   9  12
    -3.373986588550000     3.612361098400000     0.000000000000000
     3.612361098400000    -3.373986588550000     0.000000000000000
     0.000000000000000     0.000000000000000     3.136457532990000
   9  13
    -3.373986588550000    -3.612361098400000     0.000000000000000
    -3.612361098400000    -3.373986588550000     0.000000000000000
     0.000000000000000     0.000000000000000     3.136457532990000
   9  14
    -3.373986588550000     0.000000000000000     3.612361098400000
     0.000000000000000     3.136457532990000    -0.000000000000000
     3.612361098400000    -0.000000000000000    -3.373986588550000
   9  15
     3.136457532990000    -0.000000000000000    -0.000000000000000
    -0.000000000000000    -3.373986588550000     3.612361098400000
    -0.000000000000000     3.612361098400000    -3.373986588550000
   9  16
    -0.301301339950000    -0.000000000000000    -0.000000000000000
    -0.000000000000000    -0.301301339950000    -0.000000000000000
    -0.000000000000000    -0.000000000000000    -0.301301339950000
  10   1
    -9.767576051419999     2.880089344040000     2.880089344040000
     2.880089344040000    -9.767576051419999    -2.880089344040000
     2.880089344040000    -2.880089344040000    -9.767576051419999
  10   2
    -9.767576051419999    -2.880089344040000    -2.880089344040000
    -2.880089344040000    -9.767576051419999    -2.880089344040000
    -2.880089344040000    -2.880089344040000    -9.767576051419999
  10   3
     0.503982640990000    -0.157970473650000     0.157970473650000
    -0.157970473650000     0.503982640990000     0.157970473650000
     0.157970473650000     0.157970473650000     0.503982640990000
  10   4
    -9.767576051419999     2.880089344040000    -2.880089344040000
     2.880089344040000    -9.767576051419999     2.880089344040000
    -2.880089344040000     2.880089344040000    -9.767576051419999
  10   5
     0.503982640990000     0.157970473650000    -0.157970473650000
     0.157970473650000     0.503982640990000     0.157970473650000
    -0.157970473650000     0.157970473650000     0.503982640990000
  10   6
    -9.767576051419999    -2.880089344040000     2.880089344040000
    -2.880089344040000    -9.767576051419999     2.880089344040000
     2.880089344040000     2.880089344040000    -9.767576051419999
  10   7
     0.503982640990000    -0.157970473650000    -0.157970473650000
    -0.157970473650000     0.503982640990000    -0.157970473650000
    -0.157970473650000    -0.157970473650000     0.503982640990000
  10   8
     0.503982640990000     0.157970473650000     0.157970473650000
     0.157970473650000     0.503982640990000    -0.157970473650000
     0.157970473650000    -0.157970473650000     0.503982640990000
  10   9
     3.136457532990000    -0.000000000000000    -0.000000000000000
    -0.000000000000000    -3.373986588550000    -3.612361098400000
    -0.000000000000000    -3.612361098400000    -3.373986588550000
  10  10
    44.578705789449998    -0.000000000000000    -0.000000000000000
    -0.000000000000000    44.578705789449998    -0.000000000000000
    -0.000000000000000    -0.000000000000000    44.578705789449998
  10  11
    -3.373986588550000     3.612361098400000     0.000000000000000
     3.612361098400000    -3.373986588550000     0.000000000000000
     0.000000000000000     0.000000000000000     3.136457532990000
  10  12
    -3.373986588550000     0.000000000000000    -3.612361098400000
     0.000000000000000     3.136457532990000    -0.000000000000000
    -3.612361098400000    -0.000000000000000    -3.373986588550000
  10  13
    -3.373986588550000     0.000000000000000     3.612361098400000
     0.000000000000000     3.136457532990000    -0.000000000000000
     3.612361098400000    -0.000000000000000    -3.373986588550000
  10  14
    -3.373986588550000    -3.612361098400000     0.000000000000000
    -3.612361098400000    -3.373986588550000     0.000000000000000
     0.000000000000000     0.000000000000000     3.136457532990000
  10  15
    -0.301301339950000    -0.000000000000000    -0.000000000000000
    -0.000000000000000    -0.301301339950000    -0.000000000000000
    -0.000000000000000    -0.000000000000000    -0.301301339950000
  10  16
     3.136457532990000    -0.000000000000000    -0.000000000000000
    -0.000000000000000    -3.373986588550000     3.612361098400000
    -0.000000000000000     3.612361098400000    -3.373986588550000
  11   1
    -9.767576051419999     2.880089344040000    -2.880089344040000
     2.880089344040000    -9.767576051419999     2.880089344040000
    -2.880089344040000     2.880089344040000    -9.767576051419999
  11   2
     0.503982640990000    -0.157970473650000     0.157970473650000
    -0.157970473650000     0.503982640990000     0.157970473650000
     0.157970473650000     0.157970473650000     0.503982640990000
  11   3
    -9.767576051419999    -2.880089344040000    -2.880089344040000
    -2.880089344040000    -9.767576051419999    -2.880089344040000
    -2.880089344040000    -2.880089344040000    -9.767576051419999
  11   4
    -9.767576051419999     2.880089344040000     2.880089344040000
     2.880089344040000    -9.767576051419999    -2.880089344040000
     2.880089344040000    -2.880089344040000    -9.767576051419999
  11   5
     0.503982640990000     0.157970473650000     0.157970473650000
     0.157970473650000     0.503982640990000    -0.157970473650000
     0.157970473650000    -0.157970473650000     0.503982640990000
  11   6
     0.503982640990000    -0.157970473650000    -0.157970473650000
    -0.157970473650000     0.503982640990000    -0.157970473650000
    -0.157970473650000    -0.157970473650000     0.503982640990000
  11   7
    -9.767576051419999    -2.880089344040000     2.880089344040000
    -2.880089344040000    -9.767576051419999     2.880089344040000
     2.880089344040000     2.880089344040000    -9.767576051419999
  11   8
     0.503982640990000     0.157970473650000    -0.157970473650000
     0.157970473650000     0.503982640990000     0.157970473650000
    -0.157970473650000     0.157970473650000     0.503982640990000
  11   9
    -3.373986588550000     0.000000000000000    -3.612361098400000
     0.000000000000000     3.136457532990000    -0.000000000000000
    -3.612361098400000    -0.000000000000000    -3.373986588550000
  11  10
    -3.373986588550000     3.612361098400000     0.000000000000000
     3.612361098400000    -3.373986588550000     0.000000000000000
     0.000000000000000     0.000000000000000     3.136457532990000
  11  11
    44.578705789449998    -0.000000000000000    -0.000000000000000
    -0.000000000000000    44.578705789449998    -0.000000000000000
    -0.000000000000000    -0.000000000000000    44.578705789449998
  11  12
     3.136457532990000    -0.000000000000000    -0.000000000000000
    -0.000000000000000    -3.373986588550000    -3.612361098400000
    -0.000000000000000    -3.612361098400000    -3.373986588550000
  11  13
     3.136457532990000    -0.000000000000000    -0.000000000000000
    -0.000000000000000    -3.373986588550000     3.612361098400000
    -0.000000000000000     3.612361098400000    -3.373986588550000
  11  14
    -0.301301339950000    -0.000000000000000    -0.000000000000000
    -0.000000000000000    -0.301301339950000    -0.000000000000000
    -0.000000000000000    -0.000000000000000    -0.301301339950000
  11  15
    -3.373986588550000    -3.612361098400000     0.000000000000000
    -3.612361098400000    -3.373986588550000     0.000000000000000
     0.000000000000000     0.000000000000000     3.136457532990000
  11  16
    -3.373986588550000     0.000000000000000     3.612361098400000
     0.000000000000000     3.136457532990000    -0.000000000000000
     3.612361098400000    -0.000000000000000    -3.373986588550000
  12   1
     0.503982640990000    -0.157970473650000     0.157970473650000
    -0.157970473650000     0.503982640990000     0.157970473650000
     0.157970473650000     0.157970473650000     0.503982640990000
  12   2
    -9.767576051419999     2.880089344040000    -2.880089344040000
     2.880089344040000    -9.767576051419999     2.880089344040000
    -2.880089344040000     2.880089344040000    -9.767576051419999
  12   3
    -9.767576051419999     2.880089344040000     2.880089344040000
     2.880089344040000    -9.767576051419999    -2.880089344040000
     2.880089344040000    -2.880089344040000    -9.767576051419999
  12   4
    -9.767576051419999    -2.880089344040000    -2.880089344040000
    -2.880089344040000    -9.767576051419999    -2.880089344040000
    -2.880089344040000    -2.880089344040000    -9.767576051419999
  12   5
     0.503982640990000    -0.157970473650000    -0.157970473650000
    -0.157970473650000     0.503982640990000    -0.157970473650000
    -0.157970473650000    -0.157970473650000     0.503982640990000
  12   6
     0.503982640990000     0.157970473650000     0.157970473650000
     0.157970473650000     0.503982640990000    -0.157970473650000
     0.157970473650000    -0.157970473650000     0.503982640990000
  12   7
     0.503982640990000     0.157970473650000    -0.157970473650000
     0.157970473650000     0.503982640990000     0.157970473650000
    -0.157970473650000     0.157970473650000     0.503982640990000
  12   8
    -9.767576051419999    -2.880089344040000     2.880089344040000
    -2.880089344040000    -9.767576051419999     2.880089344040000
     2.880089344040000     2.880089344040000    -9.767576051419999
  12   9
    -3.373986588550000     3.612361098400000     0.000000000000000
     3.612361098400000    -3.373986588550000     0.000000000000000
     0.000000000000000     0.000000000000000     3.136457532990000
  12  10
    -3.373986588550000     0.000000000000000    -3.612361098400000
     0.000000000000000     3.136457532990000    -0.000000000000000
    -3.612361098400000    -0.000000000000000    -3.373986588550000
  12  11
     3.136457532990000    -0.000000000000000    -0.000000000000000
    -0.000000000000000    -3.373986588550000    -3.612361098400000
    -0.000000000000000    -3.612361098400000    -3.373986588550000
  12  12
    44.578705789449998    -0.000000000000000    -0.000000000000000
    -0.000000000000000    44.578705789449998    -0.000000000000000
    -0.000000000000000    -0.000000000000000    44.578705789449998
  12  13
    -0.301301339950000    -0.000000000000000    -0.000000000000000
    -0.000000000000000    -0.301301339950000    -0.000000000000000
    -0.000000000000000    -0.000000000000000    -0.301301339950000
  12  14
     3.136457532990000    -0.000000000000000    -0.000000000000000
    -0.000000000000000    -3.373986588550000     3.612361098400000
    -0.000000000000000     3.612361098400000    -3.373986588550000
  12  15
    -3.373986588550000     0.000000000000000     3.612361098400000
     0.000000000000000     3.136457532990000    -0.000000000000000
     3.612361098400000    -0.000000000000000    -3.373986588550000
  12  16
    -3.373986588550000    -3.612361098400000     0.000000000000000
    -3.612361098400000    -3.373986588550000     0.000000000000000
     0.000000000000000     0.000000000000000     3.136457532990000
  13   1
    -9.767576051419999    -2.880089344040000     2.880089344040000
    -2.880089344040000    -9.767576051419999     2.880089344040000
     2.880089344040000     2.880089344040000    -9.767576051419999
  13   2
     0.503982640990000     0.157970473650000    -0.157970473650000
     0.157970473650000     0.503982640990000     0.157970473650000
    -0.157970473650000     0.157970473650000     0.503982640990000
  13   3
     0.503982640990000     0.157970473650000     0.157970473650000
     0.157970473650000     0.503982640990000    -0.157970473650000
     0.157970473650000    -0.157970473650000     0.503982640990000
  13   4
     0.503982640990000    -0.157970473650000    -0.157970473650000
    -0.157970473650000     0.503982640990000    -0.157970473650000
    -0.157970473650000    -0.157970473650000     0.503982640990000
  13   5
    -9.767576051419999    -2.880089344040000    -2.880089344040000
    -2.880089344040000    -9.767576051419999    -2.880089344040000
    -2.880089344040000    -2.880089344040000    -9.767576051419999
  13   6
    -9.767576051419999     2.880089344040000     2.880089344040000
     2.880089344040000    -9.767576051419999    -2.880089344040000
     2.880089344040000    -2.880089344040000    -9.767576051419999
  13   7
    -9.767576051419999     2.880089344040000    -2.880089344040000
     2.880089344040000    -9.767576051419999     2.880089344040000
    -2.880089344040000     2.880089344040000    -9.767576051419999
  13   8
     0.503982640990000    -0.157970473650000     0.157970473650000
    -0.157970473650000     0.503982640990000     0.157970473650000
     0.157970473650000     0.157970473650000     0.503982640990000
  13   9
    -3.373986588550000    -3.612361098400000     0.000000000000000
    -3.612361098400000    -3.373986588550000     0.000000000000000
     0.000000000000000     0.000000000000000     3.136457532990000
  13  10
    -3.373986588550000     0.000000000000000     3.612361098400000
     0.000000000000000     3.136457532990000    -0.000000000000000
     3.612361098400000    -0.000000000000000    -3.373986588550000
  13  11
     3.136457532990000    -0.000000000000000    -0.000000000000000
    -0.000000000000000    -3.373986588550000     3.612361098400000
    -0.000000000000000     3.612361098400000    -3.373986588550000
  13  12
    -0.301301339950000    -0.000000000000000    -0.000000000000000
    -0.000000000000000    -0.301301339950000    -0.000000000000000
    -0.000000000000000    -0.000000000000000    -0.301301339950000
  13  13
    44.578705789449998    -0.000000000000000    -0.000000000000000
    -0.000000000000000    44.578705789449998    -0.000000000000000
    -0.000000000000000    -0.000000000000000    44.578705789449998
  13  14
     3.136457532990000    -0.000000000000000    -0.000000000000000
    -0.000000000000000    -3.373986588550000    -3.612361098400000
    -0.000000000000000    -3.612361098400000    -3.373986588550000
  13  15
    -3.373986588550000     0.000000000000000    -3.612361098400000
     0.000000000000000     3.136457532990000    -0.000000000000000
    -3.612361098400000    -0.000000000000000    -3.373986588550000
  13  16
    -3.373986588550000     3.612361098400000     0.000000000000000
     3.612361098400000    -3.373986588550000     0.000000000000000
     0.000000000000000     0.000000000000000     3.136457532990000
  14   1
     0.503982640990000     0.157970473650000    -0.157970473650000
     0.157970473650000     0.503982640990000     0.157970473650000
    -0.157970473650000     0.157970473650000     0.503982640990000
  14   2
    -9.767576051419999    -2.880089344040000     2.880089344040000
    -2.880089344040000    -9.767576051419999     2.880089344040000
     2.880089344040000     2.880089344040000    -9.767576051419999
  14   3
     0.503982640990000    -0.157970473650000    -0.157970473650000
    -0.157970473650000     0.503982640990000    -0.157970473650000
    -0.157970473650000    -0.157970473650000     0.503982640990000
  14   4
     0.503982640990000     0.157970473650000     0.157970473650000
     0.157970473650000     0.503982640990000    -0.157970473650000
     0.157970473650000    -0.157970473650000     0.503982640990000
  14   5
    -9.767576051419999     2.880089344040000     2.880089344040000
     2.880089344040000    -9.767576051419999    -2.880089344040000
     2.880089344040000    -2.880089344040000    -9.767576051419999
  14   6
    -9.767576051419999    -2.880089344040000    -2.880089344040000
    -2.880089344040000    -9.767576051419999    -2.880089344040000
    -2.880089344040000    -2.880089344040000    -9.767576051419999
  14   7
     0.503982640990000    -0.157970473650000     0.157970473650000
    -0.157970473650000     0.503982640990000     0.157970473650000
     0.157970473650000     0.157970473650000     0.503982640990000
  14   8
    -9.767576051419999     2.880089344040000    -2.880089344040000
     2.880089344040000    -9.767576051419999     2.880089344040000
    -2.880089344040000     2.880089344040000    -9.767576051419999
  14   9
    -3.373986588550000     0.000000000000000     3.612361098400000
     0.000000000000000     3.136457532990000    -0.000000000000000
     3.612361098400000    -0.000000000000000    -3.373986588550000
  14  10
    -3.373986588550000    -3.612361098400000     0.000000000000000
    -3.612361098400000    -3.373986588550000     0.000000000000000
     0.000000000000000     0.000000000000000     3.136457532990000
  14  11
    -0.301301339950000    -0.000000000000000    -0.000000000000000
    -0.000000000000000    -0.301301339950000    -0.000000000000000
    -0.000000000000000    -0.000000000000000    -0.301301339950000
  14  12
     3.136457532990000    -0.000000000000000    -0.000000000000000
    -0.000000000000000    -3.373986588550000     3.612361098400000
    -0.000000000000000     3.612361098400000    -3.373986588550000
  14  13
     3.136457532990000    -0.000000000000000    -0.000000000000000
    -0.000000000000000    -3.373986588550000    -3.612361098400000
    -0.000000000000000    -3.612361098400000    -3.373986588550000
  14  14
    44.578705789449998    -0.000000000000000    -0.000000000000000
    -0.000000000000000    44.578705789449998    -0.000000000000000
    -0.000000000000000    -0.000000000000000    44.578705789449998
  14  15
    -3.373986588550000     3.612361098400000     0.000000000000000
     3.612361098400000    -3.373986588550000     0.000000000000000
     0.000000000000000     0.000000000000000     3.136457532990000
  14  16
    -3.373986588550000     0.000000000000000    -3.612361098400000
     0.000000000000000     3.136457532990000    -0.000000000000000
    -3.612361098400000    -0.000000000000000    -3.373986588550000
  15   1
     0.503982640990000     0.157970473650000     0.157970473650000
     0.157970473650000     0.503982640990000    -0.157970473650000
     0.157970473650000    -0.157970473650000     0.503982640990000
  15   2
     0.503982640990000    -0.157970473650000    -0.157970473650000
    -0.157970473650000     0.503982640990000    -0.157970473650000
    -0.157970473650000    -0.157970473650000     0.503982640990000
  15   3
    -9.767576051419999    -2.880089344040000     2.880089344040000
    -2.880089344040000    -9.767576051419999     2.880089344040000
     2.880089344040000     2.880089344040000    -9.767576051419999
  15   4
     0.503982640990000     0.157970473650000    -0.157970473650000
     0.157970473650000     0.503982640990000     0.157970473650000
    -0.157970473650000     0.157970473650000     0.503982640990000
  15   5
    -9.767576051419999     2.880089344040000    -2.880089344040000
     2.880089344040000    -9.767576051419999     2.880089344040000
    -2.880089344040000     2.880089344040000    -9.767576051419999
  15   6
     0.503982640990000    -0.157970473650000     0.157970473650000
    -0.157970473650000     0.503982640990000     0.157970473650000
     0.157970473650000     0.157970473650000     0.503982640990000
  15   7
    -9.767576051419999    -2.880089344040000    -2.880089344040000
    -2.880089344040000    -9.767576051419999    -2.880089344040000
    -2.880089344040000    -2.880089344040000    -9.767576051419999
  15   8
    -9.767576051419999     2.880089344040000     2.880089344040000
     2.880089344040000    -9.767576051419999    -2.880089344040000
     2.880089344040000    -2.880089344040000    -9.767576051419999
  15   9
     3.136457532990000    -0.000000000000000    -0.000000000000000
    -0.000000000000000    -3.373986588550000     3.612361098400000
    -0.000000000000000     3.612361098400000    -3.373986588550000
  15  10
    -0.301301339950000    -0.000000000000000    -0.000000000000000
    -0.000000000000000    -0.301301339950000    -0.000000000000000
    -0.000000000000000    -0.000000000000000    -0.301301339950000
  15  11
    -3.373986588550000    -3.612361098400000     0.000000000000000
    -3.612361098400000    -3.373986588550000     0.000000000000000
     0.000000000000000     0.000000000000000     3.136457532990000
  15  12
    -3.373986588550000     0.000000000000000     3.612361098400000
     0.000000000000000     3.136457532990000    -0.000000000000000
     3.612361098400000    -0.000000000000000    -3.373986588550000
  15  13
    -3.373986588550000     0.000000000000000    -3.612361098400000
     0.000000000000000     3.136457532990000    -0.000000000000000
    -3.612361098400000    -0.000000000000000    -3.373986588550000
  15  14
    -3.373986588550000     3.612361098400000     0.000000000000000
     3.612361098400000    -3.373986588550000     0.000000000000000
     0.000000000000000     0.000000000000000     3.136457532990000
  15  15
    44.578705789449998    -0.000000000000000    -0.000000000000000
    -0.000000000000000    44.578705789449998    -0.000000000000000
    -0.000000000000000    -0.000000000000000    44.578705789449998
  15  16
     3.136457532990000    -0.000000000000000    -0.000000000000000
    -0.000000000000000    -3.373986588550000    -3.612361098400000
    -0.000000000000000    -3.612361098400000    -3.373986588550000
  16   1
     0.503982640990000    -0.157970473650000    -0.157970473650000
    -0.157970473650000     0.503982640990000    -0.157970473650000
    -0.157970473650000    -0.157970473650000     0.503982640990000
  16   2
     0.503982640990000     0.157970473650000     0.157970473650000
     0.157970473650000     0.503982640990000    -0.157970473650000
     0.157970473650000    -0.157970473650000     0.503982640990000
  16   3
     0.503982640990000     0.157970473650000    -0.157970473650000
     0.157970473650000     0.503982640990000     0.157970473650000
    -0.157970473650000     0.157970473650000     0.503982640990000
  16   4
    -9.767576051419999    -2.880089344040000     2.880089344040000
    -2.880089344040000    -9.767576051419999     2.880089344040000
     2.880089344040000     2.880089344040000    -9.767576051419999
  16   5
     0.503982640990000    -0.157970473650000     0.157970473650000
    -0.157970473650000     0.503982640990000     0.157970473650000
     0.157970473650000     0.157970473650000     0.503982640990000
  16   6
    -9.767576051419999     2.880089344040000    -2.880089344040000
     2.880089344040000    -9.767576051419999     2.880089344040000
    -2.880089344040000     2.880089344040000    -9.767576051419999
  16   7
    -9.767576051419999     2.880089344040000     2.880089344040000
     2.880089344040000    -9.767576051419999    -2.880089344040000
     2.880089344040000    -2.880089344040000    -9.767576051419999
  16   8
    -9.767576051419999    -2.880089344040000    -2.880089344040000
    -2.880089344040000    -9.767576051419999    -2.880089344040000
    -2.880089344040000    -2.880089344040000    -9.767576051419999
  16   9
    -0.301301339950000    -0.000000000000000    -0.000000000000000
    -0.000000000000000    -0.301301339950000    -0.000000000000000
    -0.000000000000000    -0.000000000000000    -0.301301339950000
  16  10
     3.136457532990000    -0.000000000000000    -0.000000000000000
    -0.000000000000000    -3.373986588550000     3.612361098400000
    -0.000000000000000     3.612361098400000    -3.373986588550000
  16  11
    -3.373986588550000     0.000000000000000     3.612361098400000
     0.000000000000000     3.136457532990000    -0.000000000000000
     3.612361098400000    -0.000000000000000    -3.373986588550000
  16  12
    -3.373986588550000    -3.612361098400000     0.000000000000000
    -3.612361098400000    -3.373986588550000     0.000000000000000
     0.000000000000000     0.000000000000000     3.136457532990000
  16  13
    -3.373986588550000     3.612361098400000     0.000000000000000
     3.612361098400000    -3.373986588550000     0.000000000000000
     0.000000000000000     0.000000000000000     3.136457532990000
  16  14
    -3.373986588550000     0.000000000000000    -3.612361098400000
     0.000000000000000     3.136457532990000    -0.000000000000000
    -3.612361098400000    -0.000000000000000    -3.373986588550000
  16  15
     3.136457532990000    -0.000000000000000    -0.000000000000000
    -0.000000000000000    -3.373986588550000    -3.612361098400000
    -0.000000000000000    -3.612361098400000    -3.373986588550000
  16  16
    44.578705789449998    -0.000000000000000    -0.000000000000000
    -0.000000000000000    44.578705789449998    -0.000000000000000
    -0.000000000000000    -0.000000000000000    44.578705789449998
